
20890 28217 28504 244 32620 
21392 27692 6192 21456 15961 
20782 24915 22316 16950 7434 
29608 18864 19554 16027 7918 
10030 26682 22367 29694 7467 
11517 553 16557 10038 14544 
29206 756 17784 23813 32194 
5966 397 24476 27324 9826 
13714 30218 3383 5602 18815 
23866 4098 179 23223 13010 
30906 31310 478 29623 15422 
8550 10987 17363 30563 17867 
13182 25366 8169 9614 17267 
29626 16814 1382 5047 30156 
7202 10322 5978 7144 13307 
27264 15078 23876 11562 878 
11760 26863 269 13135 27372 
24155 25830 24496 28998 28442 
29836 25435 26030 19941 30048 
5499 3251 3810 17795 19458 
21395 23847 19270 23880 23377 
10618 30946 25844 14857 13914 
14442 20512 26241 9540 21501 
29880 512 26927 11840 14371 
29795 16985 24331 2342 3693 
10053 2147 12549 9823 16132 
30633 16363 25288 20661 26384 
6283 10143 19528 29525 24328 
22927 20615 6570 20242 27538 
21078 20979 15699 27329 18745 
6452 18441 31851 1304 74 
31476 612 4415 4826 27250 
22943 18601 10888 2537 26367 
32638 617 16741 26219 26074 
7866 1666 12321 2000 23762 
31885 26700 3759 16213 24550 
19672 10115 19115 16552 5509 
13023 1456 20620 6714 8666 
29357 18443 13213 9304 5256 
9923 2528 3211 21559 21276 
17885 3001 23162 23851 22630 
11327 12746 26839 19414 11478 
17548 826 21484 8469 2955 
26442 4058 31543 165 30136 
12952 25375 10693 25624 1406 
32409 20497 26435 30994 3811 
14180 23801 14367 1900 27134 
14539 28935 475 27770 14392 
18777 13139 28161 8727 12198 
18165 18622 5429 32657 16807 
26257 10814 11302 21268 24072 
27873 25709 14324 23435 28719 
26174 4494 10966 580 29526 
22139 29869 17194 7339 16556 
1226 8954 22525 23727 11291 
2884 5038 7725 4906 14257 
15571 7608 4317 487 27531 
25539 22879 9389 10640 25842 
6494 14928 1803 5013 20855 
31301 29101 10863 1518 31247 
507 5307 5795 30052 13033 
6001 21313 24971 14251 8133 
8121 20488 25544 23280 15599 
25723 22896 31540 2482 25030 
29199 19994 20466 4718 5410 
2047 29229 4164 29002 26830 
3371 12100 19358 7695 25067 
4029 22854 1569 7133 7090 
22342 14531 18258 29568 21655 
30938 3120 3522 25212 29550 
234 3698 7955 28661 10671 
6481 20010 21972 30690 9096 
29781 11043 24011 2191 10301 
28848 19084 26190 3643 32583 
8790 1154 12838 18993 1756 
19299 13161 11003 1032 3460 
30552 6777 29933 10490 21956 
31497 13566 17344 29644 22556 
29053 10074 16631 16115 12086 
32697 19072 5287 22636 351 
22769 3436 26388 15043 3059 
10518 32577 5367 26725 22749 
3552 18312 3243 12893 16293 
17318 32585 21473 25669 23172 
19376 24032 4582 8962 24919 
9672 7379 25226 26894 1531 
14197 32055 1168 28439 20095 
12605 11351 7803 30056 8581 
8116 7687 30494 29591 6942 
28962 24313 1213 18635 4866 
3565 31333 8061 10792 12293 
12744 9119 5417 9740 21193 
16016 13492 14221 2592 8255 
5841 8447 11959 24312 26471 
21049 22100 18813 18945 28972 
7545 8025 209 29904 9865 
9073 1270 27743 5163 15580 
29690 18114 755 6644 30367 
11848 17984 2477 1243 19614 
27744 32550 11041 2812 19963 
29566 13538 8860 11438 6633 
24660 4464 9462 6659 32626 
18196 30544 17508 10820 7682 
27806 30068 26208 29957 22989 
6784 26545 31984 1717 3342 
20087 3727 31808 14446 1679 
7390 32207 15762 11253 6009 
12761 2336 6279 20820 15829 
4036 32523 16300 22875 9419 
14196 9533 7302 7918 8289 
32182 3484 16235 14823 15722 
12785 3931 23952 14664 9736 
10047 14243 19213 252 5340 
26022 1464 1822 21321 24098 
3646 28640 2374 1446 27776 
17138 463 5390 26746 4266 
4849 13573 18365 2473 26333 
29385 32543 14780 23355 29231 
11441 27136 27328 230 28145 
28234 21763 28415 26177 25029 
30860 20653 2456 5853 4910 
3402 32632 15964 23704 24475 
12832 2515 12070 11093 24066 
19772 13053 19424 13687 25565 
16214 16474 27826 23664 26138 
22751 16882 12416 23984 18696 
22012 2838 15634 17329 26825 
25237 15911 1024 20092 27107 
31309 26531 12439 7369 21812 
32344 28525 27549 2547 12979 
14299 18974 3669 28700 8499 
9631 16500 27159 26489 1640 
4746 26824 5586 24665 10499 
16054 13625 22224 7895 19407 
21364 30669 25622 12716 30278 
12884 27333 7447 20199 3091 
5608 18634 16817 23109 7904 
7546 5660 470 25847 4884 
25324 712 23354 14151 2729 
21205 2183 32066 23632 19286 
19942 15039 11336 11875 26396 
30272 31127 1852 22910 27288 
29526 27111 17668 25518 29282 
22043 19358 22654 15189 16733 
715 26208 7349 3177 9063 
4493 15723 26579 27588 28383 
12150 27630 26621 6872 6880 
26605 5255 8678 5361 11336 
3849 15845 30628 21602 18798 
3302 19799 21352 29496 9519 
9414 18556 3351 10883 24890 
24083 23226 18595 23294 14491 
9957 14100 25619 14434 3524 
10787 1316 4787 16767 21799 
1724 1602 32014 25094 6839 
11977 6479 506 14839 15348 
30805 31637 2648 3963 15107 
23043 24805 1677 29914 8592 
13388 29301 21008 11625 5007 
1144 25570 6823 29949 12540 
1835 25737 29025 19952 6452 
5633 16249 28775 28366 13427 
937 19846 16798 18361 18417 
8865 1977 9066 12317 26785 
26993 21852 15931 22185 18798 
23911 15186 30713 4864 4716 
6225 22802 17075 22678 23366 
4122 23844 3296 27856 9347 
18452 18904 22999 6632 14779 
27042 23930 8759 12894 26943 
18249 15125 13348 4368 4533 
14974 11558 1685 15556 3756 
18373 11131 16650 13627 5440 
28118 11988 11658 18054 28075 
19878 27236 26440 7089 20456 
1760 20307 13656 28380 17029 
15901 16907 723 2226 21661 
30130 27553 1853 24928 7292 
23886 6235 13018 29659 25870 
960 25594 5328 14963 23303 
22273 21352 12514 30035 21139 
14215 23876 20023 29966 29412 
17405 19411 29212 30805 8994 
12352 20100 6221 11494 14895 
3654 18082 18006 14540 2278 
28052 7751 5865 22536 29196 
12428 8536 5181 19745 2412 
3224 21533 24288 23891 32181 
8598 24141 18631 6761 22915 
2725 19614 25735 10624 486 
23150 25753 8189 24721 1350 
26568 658 3759 10907 21757 
24210 24082 10117 23878 2019 
24029 28204 2939 31245 1863 
3964 30497 20368 10139 3361 
7822 17275 11139 1967 11342 
28986 12167 7456 11206 18096 
31185 2948 28951 23686 16691 
27636 14406 10434 25963 6600 
16281 16283 31909 6666 24900 